s07_M3t Record=2402: Olivine GDS70.b Fo89 115um  NIC4bbb RREF
-1.2300000e+034
-1.2300000e+034
-1.2300000e+034
-1.2300000e+034
-1.2300000e+034
-1.2300000e+034
-1.2300000e+034
-1.2300000e+034
-1.2300000e+034
-1.2300000e+034
-1.2300000e+034
-1.2300000e+034
-1.2300000e+034
-1.2300000e+034
-1.2300000e+034
-1.2300000e+034
-1.2300000e+034
-1.2300000e+034
-1.2300000e+034
-1.2300000e+034
-1.2300000e+034
-1.2300000e+034
-1.2300000e+034
-1.2300000e+034
-1.2300000e+034
-1.2300000e+034
-1.2300000e+034
-1.2300000e+034
-1.2300000e+034
-1.2300000e+034
-1.2300000e+034
-1.2300000e+034
-1.2300000e+034
-1.2300000e+034
-1.2300000e+034
-1.2300000e+034
-1.2300000e+034
-1.2300000e+034
-1.2300000e+034
-1.2300000e+034
-1.2300000e+034
-1.2300000e+034
-1.2300000e+034
-1.2300000e+034
-1.2300000e+034
-1.2300000e+034
-1.2300000e+034
-1.2300000e+034
-1.2300000e+034
-1.2300000e+034
-1.2300000e+034
-1.2300000e+034
-1.2300000e+034
-1.2300000e+034
-1.2300000e+034
-1.2300000e+034
-1.2300000e+034
-1.2300000e+034
-1.2300000e+034
-1.2300000e+034
-1.2300000e+034
-1.2300000e+034
-1.2300000e+034
-1.2300000e+034
-1.2300000e+034
-1.2300000e+034
-1.2300000e+034
-1.2300000e+034
-1.2300000e+034
-1.2300000e+034
-1.2300000e+034
-1.2300000e+034
-1.2300000e+034
-1.2300000e+034
-1.2300000e+034
-1.2300000e+034
-1.2300000e+034
-1.2300000e+034
-1.2300000e+034
-1.2300000e+034
-1.2300000e+034
-1.2300000e+034
-1.2300000e+034
-1.2300000e+034
 2.7880758e-001
 2.8336465e-001
 2.8859580e-001
 2.9417714e-001
 3.0009350e-001
 3.0634755e-001
 3.1289947e-001
 3.1965268e-001
 3.2684582e-001
 3.3446240e-001
 3.4229439e-001
 3.5032544e-001
 3.5851058e-001
 3.6684951e-001
 3.7523615e-001
 3.8362065e-001
 3.9195436e-001
 4.0020472e-001
 4.0832257e-001
 4.1626179e-001
 4.2398611e-001
 4.3146375e-001
 4.3867815e-001
 4.4564316e-001
 4.5230252e-001
 4.5862341e-001
 4.6460184e-001
 4.7025308e-001
 4.7555479e-001
 4.8047769e-001
 4.8507997e-001
 4.8937181e-001
 4.9333131e-001
 4.9700439e-001
 5.0038338e-001
 5.0344157e-001
 5.0621128e-001
 5.0867826e-001
 5.1089573e-001
 5.1290709e-001
 5.1468295e-001
 5.1625568e-001
 5.1769447e-001
 5.1896179e-001
 5.2006114e-001
 5.2100879e-001
 5.2189082e-001
 5.2267599e-001
 5.2332997e-001
 5.2389139e-001
 5.2435690e-001
 5.2475250e-001
 5.2510422e-001
 5.2539736e-001
 5.2561587e-001
 5.2580136e-001
 5.2597606e-001
 5.2622068e-001
 5.2638292e-001
 5.2646852e-001
 5.2668136e-001
 5.2674150e-001
 5.2668244e-001
 5.2670658e-001
 5.2672619e-001
 5.2679110e-001
 5.2688742e-001
 5.2700651e-001
 5.2708614e-001
 5.2714217e-001
 5.2725708e-001
 5.2740604e-001
 5.2754784e-001
 5.2768373e-001
 5.2777243e-001
 5.2785015e-001
 5.2791655e-001
 5.2799100e-001
 5.2813029e-001
 5.2834278e-001
 5.2853370e-001
 5.2866572e-001
 5.2872550e-001
 5.2876508e-001
 5.2877831e-001
 5.2876198e-001
 5.2872896e-001
 5.2867764e-001
 5.2858025e-001
 5.2855337e-001
 5.2854747e-001
 5.2857226e-001
 5.2858913e-001
 5.2859384e-001
 5.2862030e-001
 5.2861130e-001
 5.2857214e-001
 5.2848655e-001
 5.2830106e-001
 5.2811307e-001
 5.2791542e-001
 5.2775490e-001
 5.2772415e-001
 5.2771014e-001
 5.2775574e-001
 5.2768141e-001
 5.2756268e-001
 5.2743024e-001
 5.2739340e-001
 5.2728868e-001
 5.2723110e-001
 5.2720660e-001
 5.2714956e-001
 5.2709389e-001
 5.2700138e-001
 5.2688807e-001
 5.2675623e-001
 5.2657408e-001
 5.2641493e-001
 5.2627915e-001
 5.2619767e-001
 5.2612907e-001
 5.2601475e-001
 5.2587277e-001
 5.2572286e-001
 5.2549654e-001
 5.2525824e-001
 5.2499431e-001
 5.2450895e-001
 5.2432275e-001
 5.2399081e-001
 5.2329409e-001
 5.2334303e-001
 5.2342778e-001
 5.2315789e-001
 5.2320570e-001
 5.2359205e-001
 5.2305573e-001
 5.2157956e-001
 5.2024943e-001
 5.2025694e-001
 5.1784784e-001
 5.1341432e-001
 5.0861764e-001
 5.0554496e-001
 5.0416732e-001
 5.0152278e-001
 4.9900088e-001
 4.9568334e-001
 4.9270609e-001
 4.9040058e-001
 4.8819357e-001
 4.8611638e-001
 4.8460343e-001
 4.8325807e-001
 4.8197958e-001
 4.8057458e-001
 4.7942337e-001
 4.7832620e-001
 4.7718161e-001
 4.7609422e-001
 4.7507843e-001
 4.7407570e-001
 4.7325245e-001
 4.7252315e-001
 4.7199085e-001
 4.7159690e-001
 4.7130051e-001
 4.7109231e-001
 4.7084898e-001
 4.7073713e-001
 4.7073764e-001
 4.7252315e-001
 4.7199085e-001
 4.7159690e-001
 4.7130051e-001
 4.7109231e-001
 4.7084898e-001
 4.7073713e-001
 4.7073764e-001