s07_M3t Record=2400: Olivine GDS70.b Fo89 115um    BECKb AREF
 2.8824377e-001
 2.9138219e-001
 3.0147403e-001
 3.1603745e-001
 3.3232352e-001
 3.5199708e-001
 3.8127175e-001
 4.0687758e-001
 4.2785168e-001
 4.4776237e-001
 4.6652034e-001
 4.7798005e-001
 4.8172903e-001
 4.8012093e-001
 4.7510532e-001
 4.6840382e-001
 4.6012750e-001
 4.4830221e-001
 4.3584237e-001
 4.2748258e-001
 4.2295247e-001
 4.2211556e-001
 4.2229083e-001
 4.2596278e-001
 4.2368311e-001
 4.1698983e-001
 4.1346064e-001
 4.1035116e-001
 4.0561485e-001
 3.9801231e-001
 3.8802633e-001
 3.7571591e-001
 3.6252451e-001
 3.4927124e-001
 3.3472654e-001
 3.2210302e-001
 3.1157550e-001
 3.0053794e-001
 2.9016426e-001
 2.8081542e-001
 2.7560189e-001
 2.6835838e-001
 2.6126069e-001
 2.5513610e-001
 2.4876589e-001
 2.4367307e-001
 2.3775981e-001
 2.2934239e-001
 2.1957572e-001
 2.0923449e-001
 1.9914338e-001
 1.8835503e-001
 1.7839296e-001
 1.6899121e-001
 1.5977606e-001
 1.5189491e-001
 1.4494026e-001
 1.3991815e-001
 1.3569015e-001
 1.3257819e-001
 1.3055332e-001
 1.2908590e-001
 1.2891567e-001
 1.3067548e-001
 1.3283356e-001
 1.3666889e-001
 1.4050893e-001
 1.4508848e-001
 1.5010320e-001
 1.5483804e-001
 1.5882733e-001
 1.6217999e-001
 1.6580626e-001
 1.6916518e-001
 1.7231062e-001
 1.7460427e-001
 1.7705637e-001
 1.7983563e-001
 1.8299598e-001
 1.8588266e-001
 1.8867390e-001
 1.9146116e-001
 1.9537964e-001
 1.9954759e-001
 2.0379092e-001
 2.0876944e-001
 2.1428245e-001
 2.1988006e-001
 2.2651803e-001
 2.3396681e-001
 2.4165583e-001
 2.4993707e-001
 2.5898552e-001
 2.6816884e-001
 2.7829531e-001
 2.8898463e-001
 3.0012780e-001
 3.1201982e-001
 3.2433072e-001
 3.3624327e-001
 3.5078359e-001
 3.6346361e-001
 3.7731475e-001
 3.9115152e-001
 4.0532079e-001
 4.1975433e-001
 4.3473241e-001
 4.4861031e-001
 4.6276301e-001
 4.7762012e-001
 4.9203643e-001
 5.0649953e-001
 5.1966375e-001
 5.3239954e-001
 5.4504734e-001
 5.5785024e-001
 5.6691879e-001
 5.7829523e-001
 5.8770603e-001
 5.9690976e-001
 6.0719645e-001
 6.1650282e-001
 6.2231302e-001
 6.2757826e-001
 6.3465142e-001
 6.4076334e-001
 6.4515096e-001
 6.4979750e-001
 6.5352905e-001
 6.5817535e-001
 6.5887308e-001
 6.5959322e-001
 6.6509712e-001
 6.6514814e-001
 6.6614848e-001
 6.6959900e-001
 6.6917849e-001
 6.6936475e-001
 6.7222291e-001
 6.7211372e-001
 6.7190260e-001
 6.7199290e-001
 6.7373759e-001
 6.7392766e-001
 6.7248172e-001
 6.7301869e-001
 6.7373389e-001
 6.7124432e-001
 6.7127985e-001
 6.7249036e-001
 6.7326236e-001
 6.7160535e-001
 6.7321998e-001
 6.7390585e-001
 6.7557663e-001
 6.7267621e-001
 6.7623442e-001
 6.7753160e-001
 6.7989296e-001
 6.7974961e-001
 6.8022227e-001
 6.8185335e-001
 6.8147206e-001
 6.8141639e-001
 6.8186063e-001
 6.8326712e-001
 6.8454379e-001
 6.8753922e-001
 6.8794441e-001
 6.8793440e-001
 6.8695748e-001
 6.8585068e-001
 6.8655652e-001
 6.8604332e-001
 6.8632740e-001
 6.8545288e-001
 6.8529886e-001
 6.8602872e-001
 6.8358845e-001
 6.8486333e-001
 6.8187237e-001
 6.8290758e-001
 6.8574715e-001
 6.8397605e-001
 6.8496007e-001
 6.8698859e-001
 6.8749768e-001
 6.8736893e-001
 6.9027609e-001
 6.9351554e-001
 6.9141507e-001
 6.9365758e-001
 6.9732213e-001
 6.9741482e-001
 6.9378352e-001
 6.9240838e-001
 6.9400442e-001
 6.9489533e-001
 6.9536841e-001
 6.9565183e-001
 6.9556522e-001
 6.9506478e-001
 6.9484437e-001
 6.9564956e-001
 6.9739622e-001
 6.9932127e-001
 7.0066887e-001
 7.0113200e-001
 7.0077008e-001
 6.9965655e-001
 6.9802964e-001
 6.9635266e-001
 6.9510454e-001
 6.9456279e-001
 6.9453031e-001
 6.9474167e-001
 6.9496322e-001
 6.9509441e-001
 6.9507003e-001
 6.9482625e-001
 6.9431210e-001
 6.9348234e-001
 6.9229716e-001
 6.9080383e-001
 6.8911916e-001
-1.2300000e+034
-1.2300000e+034
-1.2300000e+034
-1.2300000e+034
-1.2300000e+034
-1.2300000e+034
-1.2300000e+034
-1.2300000e+034
-1.2300000e+034
-1.2300000e+034
-1.2300000e+034
-1.2300000e+034
-1.2300000e+034
-1.2300000e+034
-1.2300000e+034
-1.2300000e+034
-1.2300000e+034
-1.2300000e+034
-1.2300000e+034
-1.2300000e+034
-1.2300000e+034
-1.2300000e+034
-1.2300000e+034
-1.2300000e+034
-1.2300000e+034
-1.2300000e+034
-1.2300000e+034
-1.2300000e+034
-1.2300000e+034
-1.2300000e+034
-1.2300000e+034
